image name;longitude;lattude;altitude
IMG_0000.tif;39.702555;32.968581;92.33
IMG_0001.tif;39.703038;32.968633;91.00
IMG_0002.tif;39.703038;32.968633;91.00
IMG_0003.tif;39.703252;32.969433;99.83
IMG_0004.tif;39.703551;32.969848;102.83
IMG_0005.tif;39.704124;32.970013;101.00
IMG_0006.tif;39.704882;32.969961;103.33
IMG_0007.tif;39.705623;32.969955;100.50
IMG_0008.tif;39.706088;32.969971;97.17
IMG_0009.tif;39.706786;32.969955;96.50
IMG_0010.tif;39.707197;32.969772;102.00
IMG_0011.tif;39.707424;32.969522;100.50
IMG_0012.tif;39.707434;32.969123;98.83
IMG_0013.tif;39.707295;32.969078;98.83
IMG_0014.tif;39.707116;32.969256;101.67
IMG_0015.tif;39.707072;32.969388;100.50
IMG_0016.tif;39.707024;32.969501;100.17
IMG_0017.tif;39.706935;32.969652;102.67
IMG_0018.tif;39.706873;32.969718;98.67
IMG_0019.tif;39.706770;32.969790;97.33
IMG_0020.tif;39.706607;32.969930;97.17
IMG_0021.tif;39.706525;32.970010;98.17
IMG_0022.tif;39.706416;32.970119;101.50
IMG_0023.tif;39.706331;32.970189;100.83
IMG_0024.tif;39.706197;32.970272;97.00
IMG_0025.tif;39.706105;32.970331;100.33
IMG_0026.tif;39.706033;32.970385;100.17
IMG_0027.tif;39.705956;32.970442;101.17
IMG_0028.tif;39.705896;32.970498;102.00
IMG_0029.tif;39.705829;32.970557;99.67
IMG_0030.tif;39.705772;32.970598;98.17
IMG_0031.tif;39.705692;32.970648;96.67
IMG_0032.tif;39.705574;32.970699;97.33
IMG_0033.tif;39.705479;32.970629;98.83
IMG_0034.tif;39.705361;32.970289;99.00
IMG_0035.tif;39.705450;32.969994;100.17
IMG_0036.tif;39.705849;32.969707;102.00
IMG_0037.tif;39.706243;32.969650;101.83
IMG_0038.tif;39.706563;32.969611;102.83
IMG_0039.tif;39.707181;32.969384;102.00
IMG_0040.tif;39.707392;32.969252;100.83
IMG_0041.tif;39.707896;32.968635;101.50
IMG_0042.tif;39.707873;32.968443;103.67
IMG_0043.tif;39.707763;32.968343;101.33
IMG_0044.tif;39.707651;32.968387;98.50
IMG_0045.tif;39.707512;32.968582;99.50
IMG_0046.tif;39.707434;32.968720;99.50
IMG_0047.tif;39.707342;32.968829;100.50
IMG_0048.tif;39.707238;32.968927;101.83
IMG_0049.tif;39.707146;32.969010;102.00
IMG_0050.tif;39.706958;32.969153;106.17
IMG_0051.tif;39.706874;32.969230;105.83
IMG_0052.tif;39.706708;32.969387;109.00
IMG_0053.tif;39.706626;32.969470;106.50
IMG_0054.tif;39.706533;32.969542;105.50
IMG_0055.tif;39.706378;32.969645;104.00
IMG_0056.tif;39.706293;32.969674;102.00
IMG_0057.tif;39.706175;32.969718;101.50
IMG_0058.tif;39.706093;32.969788;103.50
IMG_0059.tif;39.706053;32.969857;104.50
IMG_0060.tif;39.705984;32.969912;100.00
IMG_0061.tif;39.705866;32.969930;102.33
IMG_0062.tif;39.705821;32.969965;106.00
IMG_0063.tif;39.705763;32.970068;105.00
IMG_0064.tif;39.705713;32.970120;106.00
IMG_0065.tif;39.705597;32.970176;107.50
IMG_0066.tif;39.705517;32.970221;108.33
IMG_0067.tif;39.705385;32.970338;108.33
IMG_0068.tif;39.705335;32.970382;107.67
IMG_0069.tif;39.705206;32.970471;104.17
IMG_0070.tif;39.705145;32.970510;101.00
IMG_0071.tif;39.705046;32.970518;99.17
IMG_0072.tif;39.704907;32.970454;97.00
IMG_0073.tif;39.704864;32.970373;98.83
IMG_0074.tif;39.704879;32.970178;98.83
IMG_0075.tif;39.704952;32.970003;95.50
IMG_0076.tif;39.705165;32.969693;98.83
IMG_0077.tif;39.705511;32.969487;102.33
IMG_0078.tif;39.705808;32.969422;106.17
IMG_0079.tif;39.706227;32.969302;107.83
IMG_0080.tif;39.706500;32.969165;108.17
IMG_0081.tif;39.706636;32.969086;107.67
IMG_0082.tif;39.706962;32.968862;103.67
IMG_0083.tif;39.707296;32.968621;99.50
IMG_0084.tif;39.707616;32.968381;96.67
IMG_0085.tif;39.707743;32.968121;96.33
IMG_0086.tif;39.707622;32.967908;95.50
IMG_0087.tif;39.707450;32.967991;96.50
IMG_0088.tif;39.707321;32.968128;97.83
IMG_0089.tif;39.707234;32.968217;98.17
IMG_0090.tif;39.707141;32.968307;100.00
IMG_0091.tif;39.707011;32.968413;101.33
IMG_0092.tif;39.706836;32.968539;102.00
IMG_0093.tif;39.706620;32.968704;105.17
IMG_0094.tif;39.706539;32.968782;104.83
IMG_0095.tif;39.706454;32.968846;104.83
IMG_0096.tif;39.706332;32.968932;104.67
IMG_0097.tif;39.706226;32.969018;105.17
IMG_0098.tif;39.706168;32.969068;102.50
IMG_0099.tif;39.706062;32.969161;102.17
IMG_0100.tif;39.705900;32.969278;97.50
IMG_0101.tif;39.705814;32.969332;97.50
IMG_0102.tif;39.705719;32.969402;99.50
IMG_0103.tif;39.705655;32.969457;98.00
IMG_0104.tif;39.705544;32.969532;97.67
IMG_0105.tif;39.705477;32.969589;98.67
IMG_0106.tif;39.705407;32.969656;98.17
IMG_0107.tif;39.705370;32.969687;97.67
IMG_0108.tif;39.705244;32.969757;97.67
IMG_0109.tif;39.705167;32.969800;99.67
IMG_0110.tif;39.705098;32.969854;99.00
IMG_0111.tif;39.704998;32.969938;96.17
IMG_0112.tif;39.704933;32.969991;96.50
IMG_0113.tif;39.704732;32.970137;99.00
IMG_0114.tif;39.704617;32.970210;100.67
IMG_0115.tif;39.704453;32.970273;93.83
IMG_0116.tif;39.704295;32.970203;90.17
IMG_0117.tif;39.704211;32.969992;88.33
IMG_0118.tif;39.704364;32.969538;91.17
IMG_0119.tif;39.704643;32.969315;93.33
IMG_0120.tif;39.705187;32.969142;99.17
IMG_0121.tif;39.705494;32.969046;100.33
IMG_0122.tif;39.705956;32.968831;101.33
IMG_0123.tif;39.706176;32.968691;101.50
IMG_0124.tif;39.706526;32.968441;100.67
IMG_0125.tif;39.707001;32.968072;97.17
IMG_0126.tif;39.707210;32.967904;99.67
IMG_0127.tif;39.707566;32.967639;105.83
IMG_0128.tif;39.707976;32.967089;110.33
IMG_0129.tif;39.707888;32.966785;108.83
IMG_0130.tif;39.707756;32.966751;107.50
IMG_0131.tif;39.707620;32.966813;105.67
IMG_0132.tif;39.707437;32.967137;106.50
IMG_0133.tif;39.707371;32.967289;103.33
IMG_0134.tif;39.707250;32.967475;101.33
IMG_0135.tif;39.707151;32.967599;96.50
IMG_0136.tif;39.707049;32.967718;93.17
IMG_0137.tif;39.706886;32.967868;94.33
IMG_0138.tif;39.706809;32.967913;93.00
IMG_0139.tif;39.706618;32.968054;94.83
IMG_0140.tif;39.706551;32.968110;96.83
IMG_0141.tif;39.706438;32.968193;101.17
IMG_0142.tif;39.706372;32.968232;103.83
IMG_0143.tif;39.706225;32.968320;103.50
IMG_0144.tif;39.706071;32.968417;104.50
IMG_0145.tif;39.705999;32.968488;104.50
IMG_0146.tif;39.705910;32.968561;103.33
IMG_0147.tif;39.705829;32.968609;102.17
IMG_0148.tif;39.705712;32.968669;102.17
IMG_0149.tif;39.705644;32.968711;100.50
IMG_0150.tif;39.705546;32.968781;100.67
IMG_0151.tif;39.705404;32.968930;104.83
IMG_0152.tif;39.705308;32.969018;105.17
IMG_0153.tif;39.705244;32.969067;104.67
IMG_0154.tif;39.705029;32.969218;106.33
IMG_0155.tif;39.704901;32.969292;105.83
IMG_0156.tif;39.704795;32.969360;102.67
IMG_0157.tif;39.704651;32.969469;101.17
IMG_0158.tif;39.704543;32.969557;100.00
IMG_0159.tif;39.704409;32.969650;96.83
IMG_0160.tif;39.704359;32.969688;97.00
IMG_0161.tif;39.704244;32.969782;95.83
IMG_0162.tif;39.704130;32.969862;93.83
IMG_0163.tif;39.703882;32.970023;95.50
IMG_0164.tif;39.703753;32.970041;97.67
IMG_0165.tif;39.703638;32.969833;100.17
IMG_0166.tif;39.703677;32.969538;100.50
IMG_0167.tif;39.703889;32.969236;100.83
IMG_0168.tif;39.704152;32.969068;99.67
IMG_0169.tif;39.704505;32.968943;98.17
IMG_0170.tif;39.705043;32.968726;100.00
IMG_0171.tif;39.705354;32.968547;99.67
IMG_0172.tif;39.705780;32.968224;98.17
IMG_0173.tif;39.705966;32.968070;96.83
IMG_0174.tif;39.706414;32.967742;97.83
IMG_0175.tif;39.706743;32.967516;99.67
IMG_0176.tif;39.706940;32.967383;99.67
IMG_0177.tif;39.707389;32.967084;103.33
IMG_0178.tif;39.707630;32.966814;105.83
IMG_0179.tif;39.707647;32.966566;107.67
IMG_0180.tif;39.707548;32.966449;107.50
IMG_0181.tif;39.707403;32.966462;107.17
IMG_0182.tif;39.707274;32.966585;106.33
IMG_0183.tif;39.707144;32.966770;106.17
IMG_0184.tif;39.707044;32.966912;103.00
IMG_0185.tif;39.706952;32.967013;102.00
IMG_0186.tif;39.706893;32.967075;101.67
IMG_0187.tif;39.706777;32.967185;97.50
IMG_0188.tif;39.706698;32.967247;96.33
IMG_0189.tif;39.706647;32.967293;96.33
IMG_0190.tif;39.706586;32.967347;95.67
IMG_0191.tif;39.706530;32.967389;94.83
IMG_0192.tif;39.706383;32.967488;98.67
IMG_0193.tif;39.706234;32.967604;102.17
IMG_0194.tif;39.706102;32.967733;99.33
IMG_0195.tif;39.706001;32.967806;97.50
IMG_0196.tif;39.705921;32.967856;97.00
IMG_0197.tif;39.705819;32.967924;97.17
IMG_0198.tif;39.705755;32.967973;98.17
IMG_0199.tif;39.705607;32.968090;99.33
IMG_0200.tif;39.705499;32.968173;100.50
IMG_0201.tif;39.705410;32.968236;100.83
IMG_0202.tif;39.705254;32.968343;100.17
IMG_0203.tif;39.705157;32.968409;99.67
IMG_0204.tif;39.705016;32.968504;100.00
IMG_0205.tif;39.704914;32.968583;99.83
IMG_0206.tif;39.704722;32.968716;100.17
IMG_0207.tif;39.704637;32.968775;100.67
IMG_0208.tif;39.704502;32.968872;103.00
IMG_0209.tif;39.704425;32.968935;103.50
IMG_0210.tif;39.704375;32.968973;103.67
IMG_0211.tif;39.704279;32.969037;102.67
IMG_0212.tif;39.704188;32.969085;102.67
IMG_0213.tif;39.704032;32.969197;104.17
IMG_0214.tif;39.703896;32.969304;102.33
IMG_0215.tif;39.703800;32.969397;101.83
IMG_0216.tif;39.703726;32.969462;99.83
IMG_0217.tif;39.703616;32.969529;97.00
IMG_0218.tif;39.703475;32.969622;98.67
IMG_0219.tif;39.703367;32.969707;97.17
IMG_0220.tif;39.703200;32.969783;100.33
IMG_0221.tif;39.703122;32.969772;100.33
IMG_0222.tif;39.703017;32.969671;101.67
IMG_0223.tif;39.703066;32.969137;103.50
IMG_0224.tif;39.703347;32.968865;104.50
IMG_0225.tif;39.703637;32.968767;105.17
IMG_0226.tif;39.704013;32.968675;104.17
IMG_0227.tif;39.704510;32.968471;100.17
IMG_0228.tif;39.704833;32.968283;98.00
IMG_0229.tif;39.705188;32.968053;96.33
IMG_0230.tif;39.705461;32.967860;96.50
IMG_0231.tif;39.705671;32.967697;97.17
IMG_0232.tif;39.705924;32.967486;96.67
IMG_0233.tif;39.706182;32.967271;94.17
IMG_0234.tif;39.706398;32.967096;97.00
IMG_0235.tif;39.706782;32.966825;97.33
IMG_0236.tif;39.706986;32.966612;99.33
IMG_0237.tif;39.707085;32.966325;101.67
IMG_0238.tif;39.707035;32.966203;101.17
IMG_0239.tif;39.706802;32.966222;104.50
IMG_0240.tif;39.706710;32.966308;102.83
IMG_0241.tif;39.706593;32.966467;101.50
IMG_0242.tif;39.706540;32.966558;98.00
IMG_0243.tif;39.706475;32.966648;95.33
IMG_0244.tif;39.706407;32.966722;95.50
IMG_0245.tif;39.706298;32.966790;90.33
IMG_0246.tif;39.706102;32.966912;93.67
IMG_0247.tif;39.705997;32.967020;94.50
IMG_0248.tif;39.705915;32.967116;93.67
IMG_0249.tif;39.705770;32.967235;92.50
IMG_0250.tif;39.705623;32.967333;96.50
IMG_0251.tif;39.705502;32.967424;103.00
IMG_0252.tif;39.705366;32.967543;104.17
IMG_0253.tif;39.705283;32.967609;102.50
IMG_0254.tif;39.705199;32.967668;99.50
IMG_0255.tif;39.705107;32.967728;97.50
IMG_0256.tif;39.705038;32.967780;97.00
IMG_0257.tif;39.704904;32.967874;98.00
IMG_0258.tif;39.704837;32.967928;100.33
IMG_0259.tif;39.704765;32.968000;99.50
IMG_0260.tif;39.704687;32.968067;97.17
IMG_0261.tif;39.704613;32.968118;96.50
IMG_0262.tif;39.704482;32.968200;100.17
IMG_0263.tif;39.704333;32.968309;104.67
IMG_0264.tif;39.704234;32.968414;104.17
IMG_0265.tif;39.704149;32.968468;101.33
IMG_0266.tif;39.704012;32.968524;103.17
IMG_0267.tif;39.703905;32.968612;102.50
IMG_0268.tif;39.703848;32.968667;100.50
IMG_0269.tif;39.703708;32.968758;96.33
IMG_0270.tif;39.703624;32.968805;95.67
IMG_0271.tif;39.703556;32.968858;96.33
IMG_0272.tif;39.703453;32.968935;96.00
IMG_0273.tif;39.703359;32.969005;99.17
IMG_0274.tif;39.703239;32.969125;99.33
IMG_0275.tif;39.703145;32.969193;99.17
IMG_0276.tif;39.703027;32.969258;99.50
IMG_0277.tif;39.702943;32.969317;100.17
IMG_0278.tif;39.702843;32.969412;98.50
IMG_0279.tif;39.702699;32.969508;98.83
IMG_0280.tif;39.702588;32.969554;98.67
IMG_0281.tif;39.702483;32.969537;99.50
IMG_0282.tif;39.702425;32.969457;103.50
IMG_0283.tif;39.702445;32.969167;108.67
IMG_0284.tif;39.702553;32.968891;110.67
IMG_0285.tif;39.702807;32.968642;111.67
IMG_0286.tif;39.703012;32.968544;111.33
IMG_0287.tif;39.703307;32.968452;110.50
IMG_0288.tif;39.703671;32.968327;108.67
IMG_0289.tif;39.704079;32.968126;105.50
IMG_0290.tif;39.704271;32.968008;103.33
IMG_0291.tif;39.704697;32.967718;100.33
IMG_0292.tif;39.704874;32.967590;99.17
IMG_0293.tif;39.705269;32.967293;97.67
IMG_0294.tif;39.705542;32.967076;96.17
IMG_0295.tif;39.705704;32.966942;95.67
IMG_0296.tif;39.706093;32.966621;96.17
IMG_0297.tif;39.706402;32.966316;99.33
IMG_0298.tif;39.706486;32.966048;99.67
IMG_0299.tif;39.706435;32.965868;99.33
IMG_0300.tif;39.706209;32.965856;100.50
IMG_0301.tif;39.706109;32.965955;101.50
IMG_0302.tif;39.706029;32.966056;101.50
IMG_0303.tif;39.705929;32.966217;102.17
IMG_0304.tif;39.705849;32.966375;99.17
IMG_0305.tif;39.705723;32.966504;98.83
IMG_0306.tif;39.705631;32.966589;99.17
IMG_0307.tif;39.705559;32.966656;99.67
IMG_0308.tif;39.705468;32.966739;100.17
IMG_0309.tif;39.705391;32.966799;100.50
IMG_0310.tif;39.705271;32.966890;100.67
IMG_0311.tif;39.705126;32.967006;100.83
IMG_0312.tif;39.705005;32.967106;100.83
IMG_0313.tif;39.704926;32.967169;100.67
IMG_0314.tif;39.704828;32.967249;101.00
IMG_0315.tif;39.704743;32.967318;100.33
IMG_0316.tif;39.704638;32.967394;100.17
IMG_0317.tif;39.704536;32.967470;99.67
IMG_0318.tif;39.704407;32.967568;100.33
IMG_0319.tif;39.704264;32.967672;100.33
IMG_0320.tif;39.704160;32.967743;100.50
IMG_0321.tif;39.704081;32.967801;101.00
IMG_0322.tif;39.703925;32.967915;101.50
IMG_0323.tif;39.703839;32.967969;101.67
IMG_0324.tif;39.703709;32.968074;100.33
IMG_0325.tif;39.703624;32.968135;99.00
IMG_0326.tif;39.703530;32.968192;99.50
IMG_0327.tif;39.703427;32.968264;98.50
IMG_0328.tif;39.703303;32.968348;96.17
IMG_0329.tif;39.703113;32.968487;98.50
IMG_0330.tif;39.703032;32.968575;96.17
IMG_0331.tif;39.702936;32.968649;96.17
IMG_0332.tif;39.702825;32.968722;95.67
IMG_0333.tif;39.702662;32.968832;98.00
IMG_0334.tif;39.702550;32.968901;99.00
IMG_0335.tif;39.702470;32.968968;99.83
IMG_0336.tif;39.702367;32.969047;101.00
IMG_0337.tif;39.702278;32.969106;101.50
IMG_0338.tif;39.702079;32.969263;106.83
IMG_0339.tif;39.701949;32.969328;105.83
IMG_0340.tif;39.701844;32.969282;102.83
IMG_0341.tif;39.701745;32.969071;100.83
IMG_0342.tif;39.701946;32.968638;99.17
IMG_0343.tif;39.702297;32.968457;96.83
IMG_0344.tif;39.702744;32.968276;97.17
IMG_0345.tif;39.703145;32.968032;98.83
IMG_0346.tif;39.703418;32.967848;100.50
IMG_0347.tif;39.703582;32.967743;100.67
IMG_0348.tif;39.703910;32.967511;99.50
IMG_0349.tif;39.704245;32.967244;99.17
IMG_0350.tif;39.704599;32.966982;99.17
IMG_0351.tif;39.704966;32.966734;99.50
IMG_0352.tif;39.705152;32.966609;99.50
IMG_0353.tif;39.705588;32.966316;100.17
IMG_0354.tif;39.705842;32.966071;100.83
IMG_0355.tif;39.705925;32.965846;101.50
IMG_0356.tif;39.705900;32.965638;101.17
IMG_0357.tif;39.705821;32.965564;99.50
IMG_0358.tif;39.705513;32.965707;102.00
IMG_0359.tif;39.705420;32.965859;102.67
IMG_0360.tif;39.705350;32.965995;100.50
IMG_0361.tif;39.705299;32.966079;98.67
IMG_0362.tif;39.705225;32.966166;97.50
IMG_0363.tif;39.705118;32.966241;99.17
IMG_0364.tif;39.705044;32.966307;100.17
IMG_0365.tif;39.704886;32.966456;99.17
IMG_0366.tif;39.704791;32.966534;99.67
IMG_0367.tif;39.704695;32.966616;98.83
IMG_0368.tif;39.704615;32.966680;99.83
IMG_0369.tif;39.704445;32.966816;99.50
IMG_0370.tif;39.704353;32.966889;100.50
IMG_0371.tif;39.704243;32.966977;100.17
IMG_0372.tif;39.704123;32.967063;101.33
IMG_0373.tif;39.704034;32.967132;102.67
IMG_0374.tif;39.703802;32.967289;103.67
IMG_0375.tif;39.703685;32.967369;105.17
IMG_0376.tif;39.703575;32.967450;102.83
IMG_0377.tif;39.703482;32.967513;101.17
IMG_0378.tif;39.703377;32.967590;101.17
IMG_0379.tif;39.703297;32.967656;100.17
IMG_0380.tif;39.703193;32.967737;99.50
IMG_0381.tif;39.703090;32.967812;99.00
IMG_0382.tif;39.703008;32.967872;99.00
IMG_0383.tif;39.702890;32.967947;98.83
IMG_0384.tif;39.702702;32.968096;99.83
IMG_0385.tif;39.702565;32.968211;101.83
IMG_0386.tif;39.702450;32.968292;102.67
IMG_0387.tif;39.702345;32.968357;102.67
IMG_0388.tif;39.702213;32.968445;104.17
IMG_0389.tif;39.702116;32.968519;104.17
IMG_0390.tif;39.701989;32.968607;104.17
IMG_0391.tif;39.701781;32.968747;103.17
IMG_0392.tif;39.701665;32.968705;99.67
IMG_0393.tif;39.701602;32.968528;98.67
IMG_0394.tif;39.701673;32.968289;98.17
IMG_0395.tif;39.701818;32.968101;96.67
IMG_0396.tif;39.702088;32.967918;94.67
IMG_0397.tif;39.702278;32.967819;95.33
IMG_0398.tif;39.702833;32.967518;96.67
IMG_0399.tif;39.703092;32.967363;95.50
IMG_0400.tif;39.703413;32.967135;96.67
IMG_0401.tif;39.703734;32.966909;99.33
IMG_0402.tif;39.703983;32.966744;101.50
IMG_0403.tif;39.704569;32.966351;105.83
IMG_0404.tif;39.705022;32.966033;104.17
IMG_0405.tif;39.705228;32.965862;103.33
IMG_0406.tif;39.705291;32.965712;101.67
IMG_0407.tif;39.705289;32.965511;98.00
IMG_0408.tif;39.705218;32.965425;94.83
IMG_0409.tif;39.705054;32.965424;95.83
IMG_0410.tif;39.704812;32.965649;98.50
IMG_0411.tif;39.704748;32.965766;97.00
IMG_0412.tif;39.704695;32.965856;97.33
IMG_0413.tif;39.704637;32.965921;98.67
IMG_0414.tif;39.704505;32.966022;99.67
IMG_0415.tif;39.704460;32.966055;99.50
IMG_0416.tif;39.704369;32.966116;101.17
IMG_0417.tif;39.704287;32.966179;102.67
IMG_0418.tif;39.704185;32.966262;104.83
IMG_0419.tif;39.703975;32.966427;106.33
IMG_0420.tif;39.703874;32.966494;106.83
IMG_0421.tif;39.703717;32.966601;104.83
IMG_0422.tif;39.703594;32.966721;104.50
IMG_0423.tif;39.703490;32.966831;102.83
IMG_0424.tif;39.703397;32.966902;102.33
IMG_0425.tif;39.703284;32.966975;101.33
IMG_0426.tif;39.703215;32.967033;99.83
IMG_0427.tif;39.703143;32.967091;96.00
IMG_0428.tif;39.703083;32.967127;93.50
IMG_0429.tif;39.702997;32.967184;92.67
IMG_0430.tif;39.702926;32.967235;92.67
IMG_0431.tif;39.702795;32.967324;98.00
IMG_0432.tif;39.702729;32.967379;101.17
IMG_0433.tif;39.702572;32.967521;99.83
IMG_0434.tif;39.702465;32.967566;99.83
IMG_0435.tif;39.702312;32.967642;102.50
IMG_0436.tif;39.702170;32.967808;100.67
IMG_0437.tif;39.702123;32.967846;99.50
IMG_0438.tif;39.702024;32.967888;98.33
IMG_0439.tif;39.701886;32.967868;99.00
IMG_0440.tif;39.701788;32.967567;98.67
IMG_0441.tif;39.701929;32.967288;100.67
IMG_0442.tif;39.702194;32.967110;100.83
IMG_0443.tif;39.702493;32.966995;102.33
IMG_0444.tif;39.702788;32.966867;102.83
IMG_0445.tif;39.703172;32.966626;103.00
IMG_0446.tif;39.703435;32.966445;103.17
IMG_0447.tif;39.703749;32.966232;102.17
IMG_0448.tif;39.703954;32.966099;102.83
IMG_0449.tif;39.704196;32.965928;101.67
IMG_0450.tif;39.704550;32.965647;99.83
IMG_0451.tif;39.704724;32.965389;97.83
IMG_0452.tif;39.704732;32.965110;98.50
IMG_0453.tif;39.704655;32.965026;97.17
IMG_0454.tif;39.704528;32.965050;99.17
IMG_0455.tif;39.704409;32.965165;102.00
IMG_0456.tif;39.704328;32.965274;101.33
IMG_0457.tif;39.704204;32.965471;101.00
IMG_0458.tif;39.704158;32.965529;99.67
IMG_0459.tif;39.704068;32.965639;100.00
IMG_0460.tif;39.703964;32.965739;99.33
IMG_0461.tif;39.703890;32.965816;98.33
IMG_0462.tif;39.703803;32.965893;99.50
IMG_0463.tif;39.703736;32.965953;98.67
IMG_0464.tif;39.703673;32.965998;97.50
IMG_0465.tif;39.703595;32.966051;97.67
IMG_0466.tif;39.703541;32.966084;97.00
IMG_0467.tif;39.703345;32.966234;102.50
IMG_0468.tif;39.703288;32.966303;102.67
IMG_0469.tif;39.703214;32.966347;103.00
IMG_0470.tif;39.703135;32.966365;102.33
IMG_0471.tif;39.702895;32.966503;104.67
IMG_0472.tif;39.702809;32.966620;100.83
IMG_0473.tif;39.702732;32.966687;96.50
IMG_0474.tif;39.702653;32.966738;97.17
IMG_0475.tif;39.702556;32.966812;97.00
IMG_0476.tif;39.702438;32.966923;98.00
IMG_0477.tif;39.702371;32.966961;94.67
IMG_0478.tif;39.702118;32.966915;98.50
IMG_0479.tif;39.702054;32.966733;98.33
IMG_0480.tif;39.702170;32.966370;102.67
IMG_0481.tif;39.702450;32.966183;103.33
IMG_0482.tif;39.702766;32.966051;101.67
IMG_0483.tif;39.703135;32.965900;97.67
IMG_0484.tif;39.703486;32.965702;99.67
IMG_0485.tif;39.703759;32.965546;101.50
